
rate:   50.0                              # frequency ros node

x:      -0.836665
y:      1.08882
phi:    -0.785398163

